14345;50;2;Paavo Kohonen;200;12;12;2025;
69689;291;8;Aleksi Mustonen;960;11;12;2025;
34425;167;4;Hugo Gallet;540;14;12;2025;
76296;24;2;Oiva Keskinen;180;16;12;2025;
28168;40;2;Nick Halloran;180;12;12;2025;
82803;195;5;Andrej Sustr;600;13;12;2025;
60464;119;2;Otto Rauhala;180;17;12;2025;
23828;134;7;Kristian Tanus;700;28;1;2025;
16734;271;100;Veli Savilainen;12000;30;12;2024;
76843;291;7;Otto Leskinen;945;6;1;2025;
11013;76;8;Aapeli Räsänen;720;9;1;2025;
43297;118;5;Joni Tuulola;400;15;1;2025;
11262;6;10;Benjamin Rautiainen;1000;25;2;2025;
86689;231;8;Philip Granath;960;25;2;2025;
30346;140;2;Verneri Ahonen;160;15;3;2025;
74124;181;25;Juuso Nykänen;3000;19;2;2025;
15138;57;6;Dani Mikkonen;480;8;2;2025;
